1000 100 9999
1 4
1 7
1 12
1 28
1 29
1 38
1 39
1 64
1 68
1 72
1 74
1 79
1 80
1 84
1 99
2 17
2 28
2 36
2 39
2 59
2 62
2 69
2 76
2 79
3 1
3 11
3 14
3 23
3 32
3 38
3 43
3 48
3 50
3 51
3 60
3 93
3 94
3 96
4 1
4 4
4 9
4 10
4 12
4 13
4 16
4 24
4 30
4 32
4 33
4 50
4 55
4 61
4 78
4 85
4 89
5 3
5 4
5 10
5 14
5 41
5 56
5 61
5 64
5 72
6 1
6 2
6 5
6 29
6 33
6 47
6 48
6 53
6 62
6 71
6 76
6 78
6 81
6 90
7 13
7 22
7 23
7 25
7 27
7 35
7 36
7 80
7 85
7 87
7 89
7 99
8 1
8 14
8 22
8 25
8 29
8 31
8 40
8 56
8 72
8 74
9 13
9 18
9 24
9 49
9 53
9 54
9 59
9 69
9 76
9 81
9 86
10 6
10 36
10 40
10 42
10 48
10 77
10 81
10 94
11 11
11 16
11 18
11 29
11 37
11 57
11 90
12 1
12 12
12 22
12 45
12 49
12 74
12 76
12 77
12 79
12 84
12 94
13 9
13 73
13 76
13 79
13 82
13 98
14 3
14 16
14 25
14 44
14 48
14 49
14 51
14 56
14 62
14 63
14 80
14 81
14 82
15 18
15 36
15 48
15 53
15 54
15 62
15 65
15 98
16 11
16 12
16 17
16 29
16 30
16 33
16 40
16 49
16 52
16 69
16 74
17 4
17 22
17 25
17 49
17 60
17 67
17 75
18 2
18 11
18 15
18 24
18 39
18 53
18 62
18 74
18 85
19 1
19 4
19 14
19 41
19 49
19 51
19 55
19 67
19 72
19 77
19 86
19 98
20 1
20 8
20 11
20 16
20 42
20 51
20 54
20 65
20 72
20 73
20 85
21 4
21 17
21 20
21 25
21 40
21 45
21 48
21 67
21 78
21 96
22 7
22 17
22 24
22 34
22 37
22 43
22 52
22 70
22 75
22 78
22 87
22 90
22 92
23 11
23 15
23 21
23 31
23 37
23 41
23 50
23 51
23 72
23 92
24 8
24 10
24 14
24 18
24 20
24 22
24 23
24 25
24 33
24 40
24 51
24 61
24 63
24 66
24 69
24 74
24 82
24 91
24 92
25 12
25 19
25 43
25 49
25 73
25 92
25 97
26 2
26 15
26 47
26 56
26 76
26 85
26 88
26 93
26 96
27 30
27 39
27 42
27 48
27 70
27 76
27 91
27 92
27 98
28 18
28 24
28 46
28 57
28 68
28 83
28 95
28 98
29 7
29 18
29 20
29 35
29 36
29 47
30 28
30 35
30 49
30 68
30 70
30 86
30 89
30 91
30 98
31 22
31 31
31 41
31 55
31 57
31 65
31 71
31 81
31 92
31 96
31 99
32 1
32 10
32 30
32 36
32 53
32 54
32 60
32 74
32 99
33 9
33 22
33 27
33 53
33 58
33 62
33 63
33 69
34 6
34 8
34 15
34 21
34 37
34 52
34 54
34 60
34 61
34 67
34 100
35 15
35 18
35 39
35 43
35 52
35 55
35 58
35 60
35 69
35 88
35 93
36 8
36 27
36 46
36 53
36 56
36 58
36 67
36 73
36 75
36 77
36 86
36 87
36 97
37 33
37 38
37 39
37 41
37 58
37 74
37 83
37 87
37 99
38 14
38 16
38 40
38 46
38 51
38 63
38 65
38 66
38 69
38 83
38 85
38 100
39 11
39 17
39 39
39 77
40 16
40 23
40 37
40 43
40 49
40 51
40 61
40 68
40 71
40 83
40 84
41 3
41 7
41 26
41 27
41 28
41 36
41 43
41 55
41 67
41 83
41 93
41 96
41 98
42 21
42 22
42 29
42 50
42 57
42 59
42 71
42 80
42 98
42 100
43 4
43 12
43 14
43 35
43 49
43 54
43 64
43 65
43 79
43 80
44 13
44 18
44 23
44 27
44 31
44 32
44 57
44 70
44 72
44 75
44 77
44 96
44 98
45 7
45 20
45 28
45 37
45 59
45 66
45 68
45 71
45 93
45 96
45 100
46 11
46 16
46 18
46 26
46 33
46 43
46 44
46 63
46 81
46 83
46 92
47 2
47 28
47 48
47 50
47 52
47 53
47 56
47 57
47 61
47 76
47 79
47 94
47 100
48 3
48 5
48 15
48 33
48 39
48 53
48 72
48 73
48 80
48 83
48 84
49 2
49 4
49 12
49 19
49 22
49 33
49 36
49 77
50 9
50 11
50 17
50 18
50 20
50 27
50 28
50 29
50 36
50 45
50 58
50 59
50 63
50 68
50 69
50 88
50 92
51 7
51 13
51 51
51 53
51 70
51 77
51 79
51 93
52 50
52 65
52 70
52 72
52 76
52 79
52 90
53 11
53 31
53 42
53 49
53 63
53 73
53 80
53 92
53 94
54 2
54 11
54 18
54 22
54 29
54 33
54 48
54 89
54 96
55 3
55 14
55 35
55 49
55 55
55 57
55 69
55 83
55 87
55 93
56 7
56 14
56 35
56 45
56 55
56 83
57 16
57 18
57 20
57 28
57 30
57 61
57 84
57 94
58 2
58 5
58 6
58 14
58 17
58 53
58 58
58 64
58 82
59 8
59 9
59 10
59 16
59 17
59 25
59 28
59 30
59 32
59 48
59 51
59 58
59 67
59 76
59 86
59 93
59 100
60 14
60 17
60 18
60 47
60 61
60 63
60 68
60 82
60 99
60 100
61 7
61 15
61 17
61 39
61 41
61 46
61 50
61 65
61 85
61 94
61 95
62 3
62 9
62 16
62 34
62 35
62 36
62 38
62 42
62 55
62 61
62 69
62 97
62 99
63 5
63 6
63 7
63 13
63 39
63 40
63 47
63 57
63 67
63 71
63 78
63 91
63 93
63 99
64 23
64 32
64 36
64 43
64 44
64 63
64 68
64 73
64 74
64 83
64 90
64 98
65 3
65 5
65 19
65 23
65 28
65 32
65 33
65 41
65 58
65 97
66 12
66 14
66 23
66 37
66 43
66 45
66 51
66 60
66 69
67 3
67 32
67 33
67 41
67 50
67 53
67 58
67 65
67 93
68 5
68 22
68 34
68 35
68 36
68 37
68 40
68 41
68 44
68 53
68 62
68 72
68 78
68 99
69 1
69 9
69 10
69 12
69 29
69 44
69 56
69 60
69 61
69 76
69 89
70 4
70 12
70 16
70 45
70 57
70 70
70 83
70 99
71 4
71 13
71 20
71 24
71 46
71 83
71 96
72 12
72 20
72 33
72 54
72 56
72 62
72 67
72 81
72 90
73 2
73 7
73 10
73 27
73 35
73 41
73 55
73 74
73 89
73 91
73 100
74 3
74 4
74 5
74 9
74 13
74 14
74 30
74 46
74 49
74 57
74 87
74 99
75 48
75 49
75 52
75 56
75 57
75 65
75 77
75 78
75 80
75 83
75 91
76 2
76 16
76 25
76 31
76 34
76 39
76 44
76 60
76 76
76 81
76 84
76 93
76 96
76 97
77 4
77 7
77 18
77 33
77 37
77 69
77 72
77 76
77 87
77 96
78 1
78 13
78 21
78 24
78 31
78 33
78 36
78 49
78 82
78 91
79 1
79 13
79 16
79 24
79 34
79 36
79 39
79 65
79 76
79 81
79 84
79 96
80 12
80 16
80 27
80 42
80 43
80 47
80 52
80 55
80 57
80 68
80 96
80 100
81 21
81 29
81 31
81 35
81 42
81 61
81 73
81 77
81 91
81 100
82 13
82 14
82 50
82 78
82 79
82 82
82 99
83 1
83 10
83 15
83 22
83 37
83 56
83 67
83 68
83 80
83 85
83 98
84 12
84 51
84 74
84 84
84 90
85 9
85 14
85 22
85 26
85 27
85 48
85 71
85 77
85 88
85 95
86 9
86 20
86 47
86 50
86 71
86 72
86 75
86 77
86 83
86 88
86 89
86 99
87 13
87 47
87 54
87 61
87 66
87 71
87 73
87 78
87 83
87 93
88 20
88 32
88 34
88 67
88 72
88 91
88 92
89 23
89 67
89 72
89 81
89 84
89 94
89 98
89 99
90 10
90 15
90 21
90 26
90 49
90 50
90 71
90 73
90 74
90 80
90 85
90 98
91 15
91 22
91 29
91 34
91 51
91 66
91 68
91 93
91 96
92 15
92 46
92 52
92 59
92 70
92 73
92 89
92 94
93 2
93 8
93 22
93 31
93 49
93 54
93 60
93 63
93 77
93 87
93 97
94 5
94 15
94 24
94 38
94 41
94 45
94 48
94 51
94 56
94 59
94 65
94 86
94 98
95 13
95 20
95 29
95 32
95 43
95 54
95 85
95 93
95 100
96 33
96 35
96 40
96 62
96 67
96 69
96 74
96 87
97 9
97 46
97 50
97 62
97 67
97 93
97 96
98 21
98 70
98 86
98 94
99 7
99 9
99 21
99 23
99 24
99 25
99 26
99 40
99 70
99 84
99 86
99 98
100 17
100 33
100 34
100 41
100 61
100 65
100 66
100 69
100 72
100 92
100 94
101 2
101 4
101 14
101 16
101 20
101 32
101 38
101 40
101 45
101 50
101 55
102 2
102 5
102 13
102 37
102 41
102 54
102 60
102 68
102 86
102 91
103 7
103 64
103 70
103 92
103 93
104 5
104 7
104 16
104 44
104 45
104 49
104 55
104 73
104 74
104 83
105 10
105 13
105 14
105 19
105 32
105 41
105 63
105 85
106 12
106 22
106 26
106 31
106 52
106 76
106 94
106 99
107 2
107 34
107 50
107 59
107 66
107 79
107 99
108 11
108 17
108 35
108 62
108 64
108 68
108 70
108 77
108 82
108 97
108 99
109 3
109 5
109 9
109 35
109 51
109 57
109 75
109 88
110 17
110 20
110 23
110 38
110 62
110 91
110 97
111 9
111 10
111 30
111 44
111 47
111 78
111 89
111 100
112 9
112 12
112 13
112 14
112 17
112 26
112 42
112 45
112 60
112 68
112 71
112 72
112 86
112 92
112 93
112 98
112 100
113 10
113 15
113 25
113 27
113 30
113 31
113 69
113 77
113 79
113 90
113 96
113 97
114 3
114 8
114 19
114 21
114 56
114 61
114 71
114 83
114 85
114 86
115 16
115 44
115 59
115 70
116 14
116 38
116 41
116 57
116 61
116 62
116 66
116 69
116 71
116 90
116 91
116 92
117 3
117 5
117 11
117 34
117 37
117 62
117 65
117 73
117 74
117 78
117 85
117 87
118 31
118 32
118 34
118 47
118 63
118 69
118 84
118 92
119 4
119 41
119 47
119 48
119 49
119 52
119 53
119 56
119 64
119 73
119 76
119 87
119 100
120 14
120 15
120 19
120 26
120 54
120 56
120 57
120 65
120 89
120 97
121 9
121 19
121 23
121 44
121 56
121 67
121 78
121 89
121 96
122 28
122 40
122 46
122 80
122 81
122 88
123 4
123 7
123 10
123 22
123 23
123 25
123 45
123 46
123 64
123 68
123 71
123 80
124 1
124 6
124 13
124 16
124 20
124 40
124 47
124 48
124 52
124 56
124 67
124 70
124 72
124 78
124 80
124 82
124 86
125 7
125 7
125 8
125 62
125 63
125 65
126 9
126 11
126 19
126 39
126 54
126 70
126 83
126 95
127 23
127 39
127 45
127 48
127 71
127 73
127 76
127 91
127 93
128 11
128 42
128 54
128 57
129 11
129 13
129 19
129 27
129 39
129 40
129 44
129 50
129 53
129 61
129 73
129 82
130 6
130 13
130 16
130 23
130 45
130 48
130 62
130 67
130 72
130 76
131 20
131 21
131 22
131 35
131 36
131 52
131 53
131 81
131 88
131 89
131 93
131 97
131 98
132 1
132 13
132 29
132 31
132 36
132 50
132 53
132 64
132 75
132 79
133 25
133 31
133 34
133 37
133 48
133 59
133 84
134 2
134 4
134 17
134 25
134 51
134 64
134 65
134 94
134 95
135 5
135 19
135 26
135 28
135 34
135 52
135 83
135 86
135 93
135 95
135 99
136 2
136 6
136 38
136 48
136 60
136 68
136 70
136 86
137 17
137 24
137 26
137 51
137 62
137 68
137 80
137 83
137 84
137 90
137 99
138 6
138 27
138 29
138 32
138 33
138 53
138 61
138 66
138 77
139 7
139 8
139 13
139 23
139 50
139 53
139 70
139 77
139 84
139 86
140 5
140 25
140 41
140 50
140 61
140 62
140 65
140 80
140 88
140 89
141 7
141 26
141 27
141 33
141 35
141 36
141 59
141 63
141 69
141 86
141 92
142 8
142 23
142 34
142 65
142 67
142 86
142 87
143 1
143 7
143 15
143 24
143 41
143 58
143 59
143 62
143 77
143 85
143 90
144 3
144 6
144 9
144 18
144 20
144 21
144 27
144 28
144 31
144 43
144 48
144 53
144 59
144 69
144 76
144 80
144 84
144 86
145 6
145 26
145 38
145 41
145 62
145 66
145 67
145 80
145 89
145 100
146 8
146 15
146 32
146 35
146 42
146 62
146 67
146 69
146 75
146 79
146 82
146 85
146 94
147 8
147 15
147 42
147 43
147 44
147 52
147 59
147 62
147 63
147 64
147 76
147 81
147 96
148 5
148 19
148 49
148 64
148 66
148 81
148 87
148 100
149 12
149 17
149 22
149 35
149 42
149 47
149 49
149 50
149 60
149 65
149 88
149 90
150 14
150 47
150 63
150 71
150 73
150 75
150 78
150 79
150 85
150 95
150 98
151 4
151 8
151 24
151 30
151 35
151 43
151 44
151 51
151 52
151 55
151 68
151 71
151 74
151 79
151 85
151 98
152 9
152 12
152 21
152 23
152 28
152 37
152 38
152 43
152 52
152 55
152 57
152 72
152 76
152 85
152 96
153 2
153 3
153 5
153 13
153 24
153 33
153 52
153 67
153 74
153 79
153 87
153 94
153 96
154 19
154 48
154 52
154 62
154 78
154 85
155 15
155 29
155 30
155 38
155 39
155 44
155 49
155 50
155 64
155 67
155 70
155 77
155 84
155 87
156 4
156 10
156 14
156 26
156 28
156 66
156 80
156 89
156 90
156 100
157 7
157 8
157 15
157 21
157 52
157 62
157 68
157 69
157 70
157 75
157 79
157 92
158 7
158 11
158 23
158 25
158 27
158 42
158 44
158 47
158 73
158 81
158 85
158 92
159 26
159 32
159 33
159 38
159 52
159 70
159 77
159 78
159 95
159 97
160 23
160 25
160 68
160 82
160 95
161 3
161 5
161 13
161 15
161 19
161 30
161 51
161 56
161 66
161 71
161 83
161 88
161 93
161 97
161 100
162 19
162 26
162 31
162 35
162 40
162 48
162 64
162 73
162 83
162 91
162 95
163 7
163 8
163 9
163 23
163 30
163 40
163 43
163 55
163 83
163 99
163 100
164 16
164 20
164 24
164 31
164 35
164 41
164 77
164 81
164 90
165 35
165 46
165 50
165 52
165 53
165 66
165 73
165 81
166 13
166 28
166 43
166 61
166 63
166 99
167 1
167 8
167 12
167 20
167 21
167 51
167 60
167 63
167 67
167 82
167 84
168 3
168 21
168 28
168 60
168 71
168 74
168 75
168 87
168 95
169 12
169 18
169 32
169 53
169 79
169 95
170 4
170 17
170 24
170 30
170 32
170 37
170 65
170 74
170 75
170 86
170 90
171 4
171 13
171 21
171 41
171 42
171 50
171 51
171 66
171 73
171 74
171 80
171 86
171 98
172 5
172 7
172 20
172 29
172 43
172 49
172 53
172 54
172 56
172 71
172 72
172 83
172 86
172 90
172 96
172 100
173 7
173 18
173 26
173 30
173 64
173 70
173 83
173 89
173 90
173 97
174 20
174 40
174 47
174 54
174 70
174 71
174 73
174 100
175 16
175 38
175 47
175 56
175 59
175 74
175 75
175 80
175 94
175 99
176 10
176 16
176 27
176 32
176 38
176 40
176 76
176 79
176 89
176 93
176 99
177 7
177 10
177 19
177 21
177 34
177 37
177 53
177 69
177 72
177 86
177 87
177 98
177 100
178 1
178 2
178 37
178 47
178 50
178 54
178 70
178 73
178 94
178 100
179 2
179 4
179 19
179 41
179 51
179 56
179 77
180 11
180 24
180 32
180 35
180 39
180 40
180 43
180 53
180 81
181 13
181 26
181 41
181 44
181 61
181 80
181 94
182 1
182 4
182 11
182 26
182 42
182 44
182 71
182 81
182 83
182 93
183 4
183 13
183 29
183 39
183 40
183 89
184 2
184 5
184 10
184 24
184 25
184 26
184 28
184 38
184 39
184 47
184 51
184 56
184 86
184 87
184 89
184 95
185 6
185 13
185 30
185 31
185 48
185 64
185 75
185 83
185 86
185 97
186 18
186 19
186 22
186 26
186 29
186 46
186 53
186 57
186 83
186 89
186 94
186 95
187 9
187 19
187 46
187 51
187 53
187 60
187 71
187 82
187 85
187 86
187 95
188 13
188 17
188 21
188 25
188 28
188 47
188 59
188 61
188 84
189 51
189 74
189 76
189 77
189 97
190 10
190 24
190 30
190 41
190 61
190 65
190 69
190 70
190 71
190 96
191 29
191 39
191 50
191 63
191 67
191 82
192 28
192 30
192 58
192 59
192 62
192 65
192 68
192 93
192 99
193 12
193 15
193 35
193 36
193 59
193 60
193 62
193 69
193 79
193 93
193 99
194 6
194 8
194 16
194 20
194 27
194 47
194 52
194 55
194 60
194 64
194 70
194 71
194 78
194 82
194 91
195 2
195 16
195 28
195 29
195 42
195 71
195 74
195 80
195 92
195 96
195 100
196 7
196 12
196 14
196 30
196 32
196 56
196 64
196 70
196 75
196 84
197 2
197 3
197 21
197 33
197 41
197 44
197 49
197 65
197 69
197 76
197 83
198 22
198 23
198 25
198 38
198 65
198 70
198 82
198 91
199 14
199 25
199 38
199 79
199 91
200 2
200 10
200 21
200 22
200 39
200 53
200 67
200 77
200 84
201 12
201 21
201 33
201 42
201 48
201 57
201 65
201 75
201 85
202 17
202 20
202 40
202 45
202 64
202 72
202 83
203 11
203 39
203 55
203 59
203 76
203 95
204 10
204 28
204 31
204 36
204 48
204 66
204 70
204 75
204 91
204 99
205 10
205 16
205 20
205 28
205 33
205 40
205 49
205 58
205 74
205 86
205 92
206 18
206 19
206 25
206 29
206 30
206 43
206 50
206 56
206 58
206 62
206 80
206 90
207 7
207 16
207 19
207 25
207 33
207 47
207 50
207 53
207 54
207 96
208 11
208 23
208 25
208 26
208 27
208 28
208 36
208 50
208 60
208 97
209 2
209 10
209 29
209 31
209 32
209 44
209 47
209 62
209 75
209 78
209 79
209 89
209 94
209 96
209 100
210 27
210 41
210 46
210 47
210 56
210 60
210 71
210 76
210 78
210 81
210 84
210 100
211 9
211 29
211 30
211 31
211 34
211 40
211 41
211 42
211 43
211 44
211 56
211 57
211 85
211 87
212 1
212 7
212 9
212 15
212 40
212 42
212 45
212 54
212 57
212 61
212 66
212 71
212 72
212 78
212 79
213 2
213 6
213 21
213 30
213 31
213 41
213 51
213 57
213 70
213 72
213 82
213 87
213 90
214 4
214 5
214 9
214 17
214 20
214 22
214 27
214 39
214 45
214 46
214 64
214 72
214 75
214 76
214 77
214 89
214 99
215 16
215 21
215 24
215 27
215 47
215 48
215 53
215 68
215 69
215 72
215 88
215 93
215 96
216 16
216 24
216 26
216 32
216 56
216 67
216 71
216 86
216 94
216 96
216 100
217 21
217 43
217 46
217 59
217 60
217 64
217 74
217 85
217 94
218 7
218 11
218 17
218 19
218 25
218 27
218 52
218 58
218 80
218 88
218 89
218 97
219 11
219 14
219 49
219 52
219 56
219 60
219 61
219 67
219 68
219 70
220 16
220 19
220 22
220 24
220 31
220 33
220 52
220 66
220 72
220 77
220 78
220 82
220 84
220 100
221 24
221 26
221 33
221 37
221 53
221 74
221 82
221 91
222 19
222 21
222 34
222 50
222 54
222 60
222 80
222 95
223 4
223 15
223 24
223 27
223 30
223 59
223 77
223 79
223 88
223 91
224 5
224 11
224 27
224 29
224 38
224 42
224 47
224 57
224 69
224 78
224 82
224 89
224 90
225 12
225 13
225 29
225 31
225 41
225 50
225 68
225 75
225 89
226 1
226 9
226 13
226 19
226 23
226 37
226 42
226 52
226 68
226 76
226 82
226 83
227 1
227 15
227 18
227 22
227 27
227 29
227 52
227 61
227 72
227 76
228 2
228 6
228 11
228 17
228 30
228 69
228 73
228 91
228 98
229 3
229 4
229 24
229 31
229 61
229 66
229 83
229 97
230 20
230 21
230 28
230 49
230 60
230 61
230 66
230 78
230 81
230 84
230 89
230 95
231 3
231 9
231 27
231 56
231 59
231 61
231 65
231 80
231 90
231 93
232 7
232 11
232 20
232 31
232 42
232 47
232 72
232 74
233 4
233 14
233 27
233 30
233 35
233 37
233 45
233 48
233 53
233 55
233 62
233 70
233 87
233 88
233 91
233 99
234 16
234 24
234 32
234 33
234 48
234 70
234 74
234 77
234 79
234 99
235 2
235 9
235 15
235 21
235 30
235 34
235 38
235 39
235 40
235 51
235 52
235 72
235 73
235 85
236 2
236 15
236 41
236 51
236 57
236 94
237 1
237 13
237 16
237 17
237 30
237 54
237 66
237 78
237 80
237 85
237 88
238 11
238 32
238 42
238 66
238 74
238 88
238 90
238 97
239 10
239 34
239 36
239 41
239 42
239 55
239 76
239 85
239 88
239 89
239 95
240 2
240 18
240 49
240 55
240 63
240 70
240 71
240 73
240 77
240 78
240 85
240 88
240 97
241 10
241 25
241 28
241 37
241 44
241 48
241 89
242 5
242 6
242 18
242 23
242 29
242 43
242 48
242 73
242 86
242 91
242 94
243 7
243 25
243 40
243 45
243 54
243 55
243 69
243 73
243 82
243 94
244 6
244 22
244 31
244 40
244 43
244 48
244 51
244 52
244 53
244 60
244 65
244 72
244 99
245 4
245 6
245 8
245 25
245 27
245 36
245 37
245 43
245 52
245 97
246 2
246 4
246 7
246 13
246 41
246 45
246 51
246 74
246 75
246 86
246 97
247 9
247 19
247 34
247 39
247 49
247 54
247 66
247 67
247 69
247 76
247 84
248 2
248 16
248 23
248 33
248 43
248 75
248 85
248 86
248 89
248 90
249 15
249 16
249 18
249 22
249 41
249 49
249 50
249 81
249 84
250 6
250 7
250 12
250 15
250 31
250 33
250 49
250 50
250 55
250 62
250 86
250 88
250 89
250 93
250 97
251 26
251 51
251 61
251 71
251 95
252 5
252 8
252 12
252 44
252 59
252 63
252 66
252 79
252 80
253 1
253 8
253 18
253 23
253 27
253 30
253 35
253 42
253 59
253 64
253 67
253 75
253 84
253 93
253 96
253 99
253 100
254 22
254 29
254 52
254 55
254 91
254 96
255 9
255 17
255 21
255 24
255 45
255 50
255 53
255 72
255 81
256 2
256 38
256 65
256 70
256 77
256 79
256 91
257 8
257 9
257 32
257 52
257 53
257 91
257 92
257 93
257 98
258 10
258 26
258 33
258 41
258 66
258 71
258 86
258 97
259 8
259 9
259 11
259 32
259 35
259 43
259 73
259 86
259 87
260 21
260 33
260 34
260 43
260 50
260 53
260 54
260 59
260 64
260 68
261 25
261 27
261 40
261 46
261 59
261 60
261 77
261 80
261 84
261 90
261 91
262 7
262 8
262 18
262 28
262 53
262 57
262 64
262 69
262 84
263 5
263 11
263 19
263 22
263 25
263 74
263 82
263 85
263 94
263 98
264 15
264 17
264 24
264 28
264 45
264 62
264 68
264 76
264 88
264 92
265 15
265 28
265 58
265 59
265 68
265 70
265 71
265 73
265 76
265 81
265 86
265 94
266 8
266 16
266 34
266 38
266 53
266 57
266 65
266 89
267 9
267 23
267 28
267 38
267 51
267 85
267 89
267 95
267 100
268 1
268 26
268 28
268 39
268 40
268 65
268 73
268 99
269 10
269 22
269 46
269 53
269 89
269 94
269 98
270 1
270 35
270 52
270 70
271 18
271 26
271 31
271 49
271 51
271 60
271 62
271 66
271 70
271 71
271 82
272 3
272 8
272 17
272 24
272 28
272 40
272 53
272 63
272 88
273 10
273 11
273 22
273 31
273 43
273 79
273 83
273 86
273 97
273 98
274 39
274 42
274 45
274 49
274 70
275 27
275 38
275 51
275 74
275 81
275 97
275 98
275 100
276 7
276 9
276 10
276 13
276 24
276 26
276 32
276 35
276 40
276 60
276 66
276 77
276 80
276 95
277 17
277 41
277 42
277 56
277 63
277 66
277 69
277 71
277 74
278 15
278 22
278 29
278 39
278 50
278 54
278 57
278 66
278 68
278 70
278 81
279 12
279 18
279 19
279 27
279 52
279 57
279 62
279 64
279 73
279 93
279 100
280 25
280 28
280 29
280 40
280 54
280 58
280 62
280 63
280 64
280 73
280 76
280 81
280 82
280 85
280 97
281 4
281 7
281 26
281 28
281 30
281 35
281 60
281 61
281 67
282 6
282 19
282 39
282 59
283 1
283 10
283 19
283 29
283 44
283 46
283 55
283 68
283 79
284 3
284 14
284 20
284 23
284 36
284 40
284 52
284 55
284 64
284 66
284 68
284 88
284 97
285 11
285 30
285 35
285 37
285 79
285 87
286 66
286 97
287 5
287 15
287 26
287 39
287 51
287 60
287 82
287 91
287 94
287 98
287 99
288 2
288 4
288 6
288 7
288 9
288 11
288 15
288 20
288 22
288 24
288 28
288 34
288 36
288 55
288 66
288 94
289 1
289 8
289 11
289 16
289 18
289 33
289 34
289 66
289 71
289 88
289 96
290 1
290 2
290 27
290 31
290 36
290 42
290 46
290 55
290 69
290 73
290 74
291 1
291 8
291 14
291 42
291 65
291 76
291 77
291 81
291 94
292 4
292 17
292 22
292 29
292 35
292 46
292 53
292 58
292 85
292 96
293 9
293 15
293 29
293 34
293 37
293 51
293 53
293 75
293 84
293 89
293 93
294 10
294 30
294 35
294 37
294 38
294 56
294 81
295 27
295 44
295 65
295 67
295 77
295 81
295 87
295 92
295 99
296 5
296 8
296 17
296 21
296 28
296 34
296 67
296 73
296 91
296 96
296 98
297 2
297 3
297 4
297 19
297 20
297 26
297 32
297 56
297 72
297 97
298 62
298 73
298 86
298 90
298 97
298 99
299 17
299 35
299 40
299 44
299 58
299 65
299 67
299 74
299 86
299 88
299 97
300 23
300 26
300 27
300 29
300 62
300 72
300 75
300 77
300 82
300 94
301 3
301 4
301 13
301 17
301 21
301 27
301 32
301 56
301 59
301 62
301 65
301 67
301 76
301 81
301 85
301 86
301 88
301 98
301 100
302 1
302 10
302 19
302 21
302 26
302 28
302 29
302 47
302 65
302 84
302 95
303 16
303 17
303 24
303 36
303 46
303 47
303 52
303 55
303 72
303 75
303 77
303 78
303 88
304 4
304 7
304 11
304 18
304 24
304 29
304 40
304 42
304 66
304 74
304 75
304 91
304 92
305 7
305 30
305 42
305 55
305 59
305 75
305 78
305 82
305 85
305 92
305 96
306 3
306 9
306 36
306 45
306 48
306 50
306 63
306 85
306 99
307 11
307 12
307 26
307 32
307 49
307 51
307 56
307 76
307 80
307 97
308 2
308 8
308 9
308 10
308 13
308 23
308 53
308 55
308 60
308 61
308 68
308 78
309 2
309 12
309 16
309 26
309 57
309 67
309 74
309 82
309 89
310 3
310 24
310 27
310 50
310 55
310 58
310 74
310 91
310 100
311 6
311 7
311 12
311 53
311 64
311 84
311 91
311 95
311 99
312 8
312 43
312 48
312 49
312 56
312 65
312 70
312 89
312 92
312 100
313 4
313 42
313 58
313 65
313 78
313 88
314 12
314 14
314 15
314 19
314 21
314 33
314 54
314 69
314 76
315 3
315 9
315 11
315 29
315 44
315 53
315 58
315 72
315 74
315 75
315 95
316 5
316 13
316 15
316 17
316 31
316 35
316 39
316 72
316 75
316 95
316 96
317 1
317 20
317 28
317 37
317 38
317 41
317 68
317 78
318 5
318 10
318 25
318 32
318 47
318 63
318 79
319 5
319 20
319 36
319 50
319 63
319 73
320 15
320 16
320 34
320 37
320 54
320 63
320 66
320 76
320 89
320 97
321 17
321 24
321 25
321 28
321 40
321 46
321 47
321 57
321 60
321 80
321 83
322 5
322 7
322 19
322 23
322 43
322 61
322 97
322 98
323 8
323 14
323 42
323 46
323 48
323 54
323 62
323 96
324 18
324 44
324 66
324 68
325 9
325 12
325 23
325 32
325 46
325 48
325 53
325 54
325 56
325 79
326 3
326 4
326 7
326 13
326 14
326 15
326 51
326 58
326 59
326 75
326 81
326 88
326 98
326 100
327 40
327 50
327 53
327 57
327 60
327 62
327 65
327 70
327 75
328 26
328 30
328 34
328 44
328 47
328 50
328 51
328 58
328 64
328 79
328 83
328 86
328 93
329 19
329 21
329 39
329 70
329 72
329 77
329 82
329 92
329 96
330 1
330 13
330 15
330 63
330 68
330 79
330 81
330 92
331 1
331 8
331 17
331 21
331 30
331 38
331 68
331 91
332 5
332 9
332 20
332 36
332 38
332 42
332 45
332 51
332 60
332 67
332 78
332 80
332 83
332 95
332 96
333 1
333 6
333 31
333 39
333 40
333 56
333 60
333 62
333 63
333 83
333 85
334 8
334 14
334 23
334 24
334 32
334 42
334 48
334 50
334 77
334 82
335 3
335 8
335 11
335 16
335 35
335 39
335 47
335 59
335 63
335 70
335 75
335 92
335 97
336 1
336 12
336 22
336 55
336 71
336 74
336 95
337 21
337 27
337 29
337 36
337 43
337 58
337 63
337 75
337 89
337 99
338 1
338 2
338 38
338 40
338 51
338 74
338 76
338 78
338 91
338 97
338 100
339 2
339 3
339 14
339 17
339 18
339 20
339 22
339 34
339 41
339 55
339 60
339 63
339 81
339 90
339 96
340 10
340 12
340 16
340 23
340 24
340 57
340 63
340 67
341 2
341 3
341 6
341 14
341 20
341 37
341 43
341 63
341 64
341 67
341 69
341 70
341 71
342 4
342 12
342 13
342 17
342 22
342 45
342 54
342 63
342 73
342 78
342 80
342 82
342 89
342 92
343 10
343 34
343 39
343 43
343 69
343 72
343 80
343 86
343 88
343 97
344 6
344 11
344 22
344 24
344 43
344 44
344 62
344 67
344 68
344 71
344 72
344 85
344 88
344 92
345 11
345 23
345 32
345 52
345 56
345 62
345 63
345 98
346 3
346 14
346 17
346 20
346 33
346 48
346 49
346 51
346 61
346 90
346 95
347 12
347 29
347 48
347 62
347 70
347 73
347 79
347 95
348 3
348 16
348 30
348 32
348 37
348 42
348 56
348 67
348 74
348 75
348 90
348 92
348 96
349 24
349 28
349 34
349 35
349 43
349 46
349 64
349 68
349 74
349 86
349 88
349 90
349 99
350 6
350 14
350 19
350 24
350 27
350 33
350 37
350 53
350 55
350 61
350 63
350 67
351 7
351 10
351 11
351 22
351 29
351 33
351 39
351 56
351 67
351 93
352 1
352 8
352 12
352 13
352 24
352 27
352 33
352 50
352 66
352 69
352 73
352 90
352 95
353 7
353 25
353 28
353 45
353 64
353 70
353 76
353 79
353 81
353 82
353 95
354 20
354 35
354 45
354 70
354 87
355 4
355 10
355 19
355 37
355 51
355 52
356 18
356 21
356 30
356 32
356 40
356 47
356 60
356 61
356 71
356 74
356 80
356 87
356 89
356 92
356 93
356 98
357 4
357 11
357 48
357 71
357 99
358 6
358 10
358 11
358 12
358 27
358 32
358 37
358 44
358 69
358 70
358 74
358 79
358 85
358 87
359 3
359 5
359 7
359 9
359 13
359 15
359 27
359 28
359 41
359 51
359 59
359 69
359 74
359 81
359 84
359 89
360 5
360 7
360 10
360 29
360 56
360 59
360 61
360 66
360 73
360 83
360 90
360 92
360 93
360 97
360 99
361 25
361 32
361 34
361 40
361 59
361 61
361 84
362 21
362 27
362 29
362 35
362 38
362 39
362 42
362 75
362 80
362 82
363 3
363 5
363 18
363 39
363 40
363 60
363 61
363 75
363 85
363 96
364 16
364 34
364 39
364 50
364 77
364 79
364 92
365 4
365 6
365 24
365 30
365 34
365 42
365 43
365 47
365 51
365 76
365 82
365 89
365 91
365 95
366 27
366 39
366 40
366 45
366 46
366 65
366 79
366 84
367 31
367 37
367 40
367 46
367 64
367 74
367 84
367 95
367 97
368 1
368 11
368 37
368 39
368 53
368 95
369 6
369 8
369 34
369 55
369 66
369 70
369 78
369 83
369 90
369 99
370 16
370 32
370 36
370 42
370 45
370 50
370 52
370 53
370 54
370 55
370 62
370 70
370 96
371 18
371 29
371 37
371 56
371 65
371 67
371 93
372 13
372 23
372 57
372 64
372 68
372 69
372 79
372 80
373 5
373 12
373 18
373 22
373 30
373 38
373 40
373 41
373 48
373 56
373 62
373 63
374 12
374 53
374 58
374 78
375 4
375 15
375 27
375 29
375 48
375 55
375 74
375 90
375 96
376 23
376 50
376 66
376 75
376 92
377 4
377 10
377 14
377 18
377 19
377 21
377 28
377 34
377 35
377 55
377 65
377 66
377 71
377 85
377 87
377 90
377 98
378 1
378 8
378 10
378 11
378 12
378 16
378 19
378 27
378 31
378 39
378 56
378 66
378 82
378 92
378 94
378 97
379 18
379 20
379 24
379 27
379 38
379 40
379 49
379 54
379 58
379 61
379 69
379 87
380 14
380 32
380 40
380 41
380 79
380 90
380 95
380 97
381 3
381 15
381 17
381 28
381 34
381 36
381 40
381 41
381 63
381 66
381 73
381 86
381 94
382 1
382 9
382 41
382 44
382 69
382 77
382 80
382 82
382 90
382 92
383 1
383 12
383 15
383 16
383 19
383 29
383 40
383 50
383 52
383 60
383 95
384 9
384 28
384 34
384 60
384 74
384 83
384 85
384 92
384 97
385 4
385 6
385 14
385 17
385 33
385 37
385 47
385 48
385 54
385 61
385 64
385 65
385 71
385 76
385 84
386 5
386 27
386 30
386 40
386 42
386 46
386 73
386 76
386 85
386 90
387 8
387 24
387 33
387 57
387 63
387 71
387 76
387 87
387 91
388 6
388 8
388 20
388 25
388 50
388 51
388 56
388 57
388 76
388 90
389 7
389 31
389 33
389 34
389 53
389 63
389 70
389 76
389 82
389 98
390 1
390 3
390 11
390 13
390 32
390 52
390 68
390 74
390 95
390 99
391 6
391 13
391 27
391 67
391 71
391 79
391 80
391 100
392 3
392 8
392 16
392 43
392 53
392 63
392 70
392 84
392 99
392 100
393 1
393 16
393 24
393 31
393 35
393 43
393 73
393 76
393 85
393 90
393 91
394 6
394 7
394 10
394 14
394 23
394 49
394 58
394 66
394 67
394 69
394 74
394 84
395 26
395 38
395 43
395 56
395 57
395 86
395 87
396 4
396 14
396 26
396 39
396 56
396 59
396 71
396 76
396 99
397 6
397 8
397 10
397 32
397 33
397 51
397 73
397 77
397 83
397 96
398 5
398 27
398 29
398 31
398 33
398 66
398 68
398 71
398 78
398 80
398 81
398 88
398 93
399 1
399 2
399 3
399 25
399 41
399 59
399 79
399 82
399 92
399 99
400 4
400 58
400 59
400 67
400 71
400 77
401 17
401 36
401 38
401 49
401 86
401 87
401 94
401 99
402 11
402 23
402 24
402 26
402 37
402 51
402 56
402 61
402 77
402 81
402 87
402 90
402 100
403 8
403 25
403 34
403 43
403 44
403 46
403 48
403 71
403 78
403 84
403 99
404 10
404 13
404 37
404 38
404 50
404 51
404 54
404 55
404 64
404 66
404 68
404 76
404 87
404 95
404 97
405 8
405 12
405 28
405 38
405 94
405 100
406 12
406 34
406 47
406 48
406 51
406 54
406 61
406 66
406 70
406 74
406 77
407 11
407 21
407 58
407 62
407 64
407 67
407 73
407 79
407 84
407 87
407 92
408 30
408 44
408 64
408 65
408 91
408 92
409 5
409 15
409 29
409 31
409 64
410 3
410 8
410 18
410 23
410 24
410 40
410 55
410 61
410 69
410 72
410 84
410 87
410 89
411 5
411 23
411 26
411 44
411 45
411 48
411 54
411 59
411 66
411 85
411 86
411 95
411 97
412 5
412 25
412 27
412 28
412 52
412 56
412 60
412 66
412 94
413 13
413 29
413 37
413 47
413 48
413 61
413 75
413 76
413 92
413 100
414 16
414 22
414 28
414 35
414 36
414 44
414 50
414 61
414 62
414 98
414 100
415 1
415 2
415 6
415 18
415 34
415 36
415 47
415 50
415 55
415 79
415 82
415 87
415 96
416 14
416 57
416 68
416 77
416 79
416 97
417 15
417 34
417 39
417 84
417 99
418 3
418 11
418 17
418 26
418 34
418 37
418 41
418 59
418 63
418 69
418 70
418 79
418 90
419 24
419 30
419 47
419 57
419 69
419 72
419 89
419 91
419 99
420 25
420 26
420 27
420 29
420 31
420 48
420 52
420 60
420 65
420 93
421 1
421 6
421 13
421 14
421 18
421 20
421 31
421 33
421 36
421 53
421 62
421 72
422 2
422 9
422 10
422 16
422 31
422 34
422 35
422 48
422 51
422 66
422 69
422 99
423 2
423 12
423 13
423 14
423 17
423 24
423 49
423 60
423 73
423 81
423 88
423 95
423 96
424 13
424 21
424 38
424 45
424 49
424 51
424 64
424 72
424 76
424 99
425 3
425 11
425 19
425 34
425 43
425 45
425 58
425 80
425 98
426 17
426 19
426 50
426 57
426 61
426 71
426 84
426 88
426 93
426 97
427 6
427 8
427 11
427 12
427 14
427 34
427 36
427 47
427 52
427 65
427 71
427 90
428 19
428 20
428 28
428 32
428 37
428 40
428 42
428 54
428 62
428 65
428 75
428 92
429 3
429 4
429 11
429 12
429 21
429 37
429 38
429 42
429 45
429 64
429 95
429 97
430 1
430 6
430 20
430 30
430 54
430 57
430 61
430 74
430 77
430 89
430 95
430 97
431 9
431 16
431 25
431 67
431 70
431 74
431 84
432 2
432 11
432 12
432 23
432 26
432 32
432 62
432 64
432 71
432 83
432 89
432 97
433 3
433 5
433 29
433 37
433 52
433 61
433 64
433 73
433 74
433 82
433 87
433 96
434 3
434 9
434 12
434 18
434 20
434 29
434 44
434 56
434 62
434 82
434 96
434 97
435 8
435 12
435 13
435 41
435 43
435 59
435 82
435 85
435 86
435 99
436 8
436 15
436 19
436 34
436 41
436 49
436 66
436 68
436 71
436 72
436 79
437 18
437 32
437 36
437 54
437 77
437 78
437 84
437 95
437 98
438 2
438 4
438 30
438 44
438 49
438 57
438 66
438 94
438 98
438 100
439 26
439 32
439 49
439 58
439 65
439 78
439 83
439 85
439 87
439 89
439 94
440 3
440 18
440 35
440 45
440 47
440 56
440 59
440 63
440 71
440 74
440 79
440 86
440 89
440 90
441 26
441 27
441 33
441 48
441 50
441 56
441 81
441 88
441 93
442 7
442 11
442 13
442 35
442 67
442 87
442 88
442 98
443 5
443 8
443 28
443 29
443 38
443 41
443 43
443 45
443 69
443 78
443 80
443 98
444 7
444 20
444 28
444 39
444 53
444 59
444 63
444 66
444 74
444 83
444 96
445 6
445 18
445 29
445 31
445 48
445 72
445 73
445 82
446 2
446 25
446 28
446 36
446 38
446 40
446 42
446 59
446 70
446 74
446 99
447 4
447 9
447 12
447 16
447 25
447 31
447 32
447 45
447 51
447 65
447 71
447 97
448 8
448 34
448 39
448 41
448 42
448 47
448 56
448 63
448 93
449 8
449 23
449 33
449 36
449 40
449 43
449 44
449 49
449 53
449 54
449 57
449 58
449 72
449 73
449 84
449 85
450 1
450 2
450 7
450 8
450 12
450 17
450 28
450 31
450 46
450 51
450 55
450 58
450 68
450 72
450 82
451 3
451 9
451 14
451 24
451 45
451 68
451 80
452 4
452 23
452 33
452 49
452 51
452 59
452 70
452 82
452 91
453 13
453 32
453 53
453 67
453 75
453 76
453 88
454 3
454 13
454 25
454 33
454 35
454 41
454 49
454 51
454 57
454 65
454 69
454 91
454 99
455 2
455 20
455 30
455 38
455 53
455 58
455 59
455 62
456 2
456 11
456 22
456 29
456 31
456 34
456 44
456 50
456 51
456 61
456 64
456 80
456 89
456 98
457 13
457 35
457 48
457 51
457 52
457 53
457 76
457 80
457 94
457 98
458 6
458 22
458 23
458 25
458 26
458 31
458 39
458 48
458 52
458 55
458 58
458 71
459 4
459 9
459 26
459 37
459 40
459 50
459 53
459 87
459 95
459 99
460 13
460 17
460 25
460 46
460 47
460 49
460 58
460 63
460 72
460 82
460 83
460 97
461 11
461 14
461 18
461 28
461 29
461 32
461 47
461 55
461 57
461 60
461 63
461 74
461 76
461 80
462 28
462 33
462 36
462 74
462 82
462 93
462 99
463 15
463 19
463 72
463 84
463 85
463 91
463 93
464 1
464 3
464 7
464 10
464 12
464 14
464 19
464 23
464 37
464 46
464 68
464 71
464 82
464 87
464 88
464 93
464 98
465 7
465 14
465 18
465 40
465 44
465 68
465 92
465 99
466 4
466 22
466 32
466 37
466 39
466 42
466 47
466 57
466 59
466 62
466 71
466 78
467 9
467 11
467 52
467 60
467 67
467 87
467 88
467 91
468 10
468 15
468 37
468 42
468 44
468 46
468 73
468 76
469 1
469 28
469 36
469 49
469 68
469 79
469 91
469 93
469 100
470 2
470 16
470 21
470 31
470 32
470 55
470 60
470 66
470 78
471 1
471 10
471 20
471 25
471 28
471 48
471 49
471 56
471 68
471 84
471 95
472 7
472 11
472 27
472 31
472 37
472 41
472 48
472 49
472 87
473 8
473 12
473 13
473 14
473 26
473 86
473 91
474 9
474 12
474 47
474 64
474 70
474 71
474 75
474 78
474 95
475 6
475 9
475 16
475 18
475 24
475 63
475 70
475 84
475 90
476 1
476 13
476 23
476 28
476 50
476 54
476 59
476 97
477 5
477 6
477 18
477 20
477 27
477 52
477 62
477 63
477 70
477 74
477 81
477 89
477 98
478 10
478 12
478 19
478 24
478 41
478 54
478 66
478 70
478 77
478 89
479 33
479 77
479 78
480 8
480 10
480 16
480 17
480 34
480 50
480 58
480 65
480 69
480 73
480 75
480 92
481 5
481 6
481 13
481 56
481 66
481 68
481 82
481 91
482 4
482 5
482 13
482 57
482 76
482 79
482 82
482 83
482 87
482 90
483 26
483 32
483 40
483 45
483 49
483 56
483 60
483 74
483 75
483 76
483 84
483 100
484 6
484 12
484 17
484 21
484 37
484 57
484 70
484 88
484 96
484 100
485 10
485 20
485 23
485 27
485 36
485 74
485 78
485 82
485 95
486 1
486 14
486 23
486 34
486 72
486 78
487 10
487 23
487 32
487 38
487 43
487 50
487 59
487 77
487 86
488 13
488 25
488 34
488 35
488 44
488 59
488 74
488 97
489 3
489 6
489 7
489 24
489 48
489 79
489 88
490 14
490 16
490 18
490 21
490 27
490 39
490 42
490 45
490 52
490 53
490 81
490 84
491 12
491 24
491 31
491 71
491 86
491 89
491 99
492 10
492 19
492 29
492 38
492 60
492 64
492 84
492 99
493 12
493 47
493 59
493 69
493 78
493 88
493 94
493 99
494 11
494 13
494 18
494 26
494 34
494 35
494 42
494 54
494 62
494 64
494 74
494 86
494 90
494 99
495 4
495 52
495 63
495 71
496 29
496 32
496 53
496 67
497 8
497 9
497 13
497 19
497 25
497 38
497 41
497 59
497 62
497 78
497 84
497 87
497 98
498 3
498 26
498 32
498 35
498 57
498 66
498 70
498 72
498 76
498 81
498 84
498 86
498 88
498 90
499 7
499 44
499 59
499 67
499 77
499 88
499 99
500 23
500 31
500 70
500 73
500 76
500 81
500 84
500 88
500 92
501 4
501 5
501 10
501 26
501 27
501 30
501 38
501 63
501 73
502 13
502 15
502 25
502 26
502 31
502 35
502 37
502 38
502 58
502 69
502 78
502 80
502 81
502 83
502 86
502 98
502 100
503 39
503 46
503 49
503 64
503 82
503 90
504 2
504 3
504 8
504 9
504 17
504 23
504 32
504 39
504 51
504 53
504 56
504 58
504 61
504 81
504 82
504 89
504 99
505 16
505 19
505 25
505 45
505 94
505 96
505 97
505 100
506 7
506 12
506 22
506 30
506 31
506 34
506 41
506 51
506 55
506 58
506 87
506 100
507 10
507 20
507 35
507 40
507 41
507 53
507 64
507 94
508 1
508 8
508 14
508 20
508 24
508 46
508 48
508 51
508 58
508 65
508 70
508 82
508 86
509 7
509 8
509 12
509 26
509 66
509 83
510 3
510 4
510 39
510 57
510 60
510 65
510 74
510 87
510 94
511 9
511 14
511 27
511 30
511 38
511 53
511 76
511 89
511 91
511 100
512 9
512 21
512 25
512 52
512 55
512 68
512 72
512 83
512 84
513 22
513 24
513 35
513 63
513 85
513 91
513 93
513 98
514 10
514 15
514 45
514 62
514 65
514 67
514 73
514 92
515 3
515 12
515 13
515 22
515 35
515 51
515 52
515 57
515 60
515 62
515 75
515 77
515 83
516 2
516 6
516 11
516 14
516 24
516 37
516 54
516 64
516 66
516 67
516 83
516 99
517 3
517 4
517 5
517 8
517 58
518 25
518 26
518 30
518 34
518 35
518 51
518 61
518 63
518 78
518 84
518 85
518 88
518 94
518 99
519 6
519 9
519 10
519 18
519 28
519 29
519 34
519 52
519 64
519 65
519 66
519 75
519 94
520 14
520 23
520 42
520 44
520 56
520 68
520 79
520 88
521 11
521 17
521 37
521 73
521 74
521 84
521 99
522 18
522 19
522 53
522 61
522 73
522 76
522 77
522 78
522 86
523 12
523 17
523 35
523 49
523 54
523 64
523 67
523 71
523 76
523 94
524 1
524 2
524 21
524 22
524 33
524 39
524 47
524 81
524 84
524 93
525 11
525 22
525 28
525 37
525 55
525 78
525 87
525 91
526 4
526 38
526 50
526 81
527 4
527 14
527 21
527 30
527 44
527 61
527 62
527 67
527 69
527 76
527 85
528 21
528 49
528 63
529 7
529 23
529 28
529 32
529 34
529 38
529 47
529 50
529 52
529 57
529 73
530 4
530 10
530 15
530 29
530 33
530 36
530 40
530 44
530 45
530 50
530 64
530 74
530 89
530 93
530 95
531 36
531 41
531 72
531 87
532 7
532 13
532 18
532 39
532 63
532 70
532 74
532 81
532 85
532 87
532 93
533 1
533 6
533 9
533 25
533 65
534 2
534 10
534 23
534 47
534 50
534 73
534 84
534 94
534 98
535 20
535 35
535 36
535 48
535 54
535 62
535 64
535 93
535 95
536 2
536 4
536 29
536 61
536 68
536 71
536 76
536 94
536 96
537 6
537 7
537 26
537 28
537 51
537 52
537 64
537 65
537 67
537 86
537 91
537 92
538 26
538 41
538 59
538 60
538 66
538 76
538 97
539 9
539 12
539 13
539 15
539 26
539 34
539 41
539 91
539 92
539 94
540 2
540 4
540 24
540 29
540 45
540 75
540 82
541 13
541 18
541 26
541 28
541 42
541 48
541 50
541 53
541 54
541 58
541 76
541 77
541 89
542 22
542 27
542 41
542 55
542 73
542 74
542 79
542 82
542 86
542 95
542 100
543 21
543 22
543 40
543 45
543 60
543 95
543 96
543 99
544 7
544 18
544 37
544 47
544 53
544 61
544 69
544 99
545 12
545 41
545 48
545 80
545 89
545 95
546 9
546 13
546 15
546 28
546 44
546 48
546 58
546 82
547 1
547 5
547 24
547 42
547 47
547 48
547 50
547 56
547 63
547 93
548 3
548 20
548 43
548 55
548 56
548 58
548 74
548 80
548 81
548 86
548 89
548 97
548 98
548 100
549 18
549 45
549 59
549 66
549 73
549 79
549 83
549 91
549 94
550 5
550 16
550 26
550 34
550 36
550 47
550 49
550 75
550 77
550 87
550 96
551 19
551 24
551 27
551 28
551 37
551 39
551 53
551 63
551 80
551 84
551 87
551 89
551 91
552 21
552 23
552 31
552 63
552 65
552 67
552 80
552 82
552 96
553 9
553 21
553 36
553 51
553 57
553 58
553 61
553 68
553 71
554 16
554 31
554 39
554 43
554 49
554 56
554 67
554 68
554 77
554 89
554 92
554 94
555 5
555 12
555 14
555 29
555 37
555 57
555 65
555 72
555 75
555 76
555 77
555 80
555 81
555 93
555 98
556 3
556 6
556 12
556 28
556 30
556 34
556 38
556 41
556 43
556 79
556 81
556 82
556 89
556 95
557 5
557 15
557 16
557 27
557 33
557 40
557 58
557 65
557 74
557 87
557 90
557 96
558 5
558 10
558 12
558 16
558 17
558 26
558 38
558 48
558 50
558 60
558 62
559 11
559 22
559 23
559 39
559 42
559 45
559 62
559 72
559 91
559 94
560 2
560 7
560 13
560 27
560 28
560 42
560 49
560 57
560 81
560 88
560 90
560 92
560 97
561 24
561 29
561 31
561 35
561 37
561 41
561 54
561 62
561 68
561 78
561 85
561 89
561 97
562 9
562 30
562 40
562 53
562 54
562 55
562 70
562 84
563 2
563 6
563 10
563 44
563 55
563 58
563 60
563 65
563 67
563 72
563 85
564 3
564 12
564 13
564 14
564 21
564 24
564 25
564 26
564 33
564 47
564 48
564 53
564 59
564 70
564 77
564 83
564 84
564 88
564 97
564 99
564 100
565 16
565 59
565 73
565 79
565 85
565 90
566 15
566 29
566 45
566 62
566 68
566 74
566 75
566 99
567 2
567 15
567 19
567 24
567 41
567 46
567 60
567 77
567 82
568 2
568 26
568 30
568 46
568 61
568 65
568 70
568 74
568 80
568 95
569 2
569 13
569 17
569 22
569 31
569 37
569 40
569 41
569 44
569 46
569 66
569 69
569 86
570 18
570 35
570 45
570 48
570 54
570 56
570 57
570 59
570 70
570 78
570 79
570 94
571 2
571 3
571 12
571 23
571 45
571 47
571 87
571 92
572 20
572 28
572 39
572 41
572 58
572 60
572 91
572 97
572 98
573 4
573 16
573 31
573 32
573 40
573 61
573 72
573 87
573 89
573 96
573 97
574 6
574 8
574 13
574 16
574 25
574 30
574 44
574 72
574 73
574 81
574 82
574 86
574 93
575 1
575 4
575 9
575 13
575 30
575 33
575 41
575 46
575 48
575 57
575 60
575 74
575 89
575 95
575 99
576 16
576 26
576 27
576 37
576 48
576 53
576 61
576 66
576 82
576 91
577 1
577 2
577 4
577 9
577 18
577 33
577 40
577 60
577 62
577 68
577 72
577 82
577 84
578 12
578 16
578 23
578 38
578 64
578 72
578 83
578 92
579 25
579 36
579 49
579 59
579 88
579 89
580 6
580 7
580 22
580 30
580 32
580 53
580 58
580 66
580 74
580 79
580 90
580 91
580 97
581 6
581 13
581 21
581 22
581 35
581 41
581 58
581 61
581 67
581 80
581 82
581 96
582 5
582 7
582 10
582 42
582 48
582 52
582 57
582 74
582 78
582 79
583 3
583 9
583 10
583 15
583 25
583 35
583 37
583 58
583 63
583 88
584 21
584 29
584 48
584 65
584 71
584 80
584 94
584 96
585 12
585 17
585 22
585 33
585 42
585 43
585 53
585 68
585 78
586 75
586 85
586 94
586 95
587 4
587 9
587 23
587 24
587 53
587 66
587 72
587 83
587 85
587 94
587 100
588 6
588 29
588 36
588 37
588 43
588 91
589 2
589 7
589 11
589 44
589 47
589 56
589 70
589 71
589 73
589 86
590 14
590 27
590 51
590 55
590 76
590 81
590 82
590 89
591 23
591 42
591 47
591 49
591 66
591 72
591 75
591 95
592 1
592 7
592 28
592 37
592 41
592 43
592 48
592 49
592 51
592 67
592 78
592 80
592 85
592 98
593 4
593 18
593 26
593 31
593 32
593 41
593 44
593 48
593 53
593 54
593 64
593 70
593 71
593 89
593 100
594 9
594 22
594 30
594 32
594 34
594 37
594 48
594 61
594 74
594 89
595 23
595 27
595 29
595 61
595 76
595 90
596 3
596 5
596 10
596 18
596 19
596 31
596 36
596 58
596 67
596 73
596 76
596 89
596 93
596 100
597 1
597 5
597 7
597 8
597 33
597 35
597 41
597 54
597 64
597 67
597 69
597 70
598 9
598 13
598 23
598 39
598 69
598 74
598 75
598 83
598 87
598 88
598 89
598 99
599 3
599 15
599 24
599 31
599 46
599 59
599 69
599 89
599 90
600 13
600 16
600 19
600 40
600 53
600 66
600 68
600 73
600 92
601 8
601 10
601 25
601 46
601 55
601 56
601 64
601 65
601 66
601 70
601 72
601 75
601 89
601 96
602 2
602 6
602 8
602 25
602 39
602 48
602 49
602 50
602 62
602 66
602 71
602 74
602 79
602 83
602 87
602 90
603 6
603 27
603 34
603 53
603 65
603 67
603 80
603 81
603 82
604 7
604 20
604 21
604 28
604 45
604 54
604 58
604 60
604 77
604 99
605 6
605 8
605 32
605 34
605 51
605 67
605 70
605 75
605 81
605 89
606 15
606 27
606 59
606 62
606 63
606 64
606 65
606 69
606 75
606 89
606 96
606 98
607 3
607 7
607 8
607 19
607 21
607 22
607 24
607 25
607 40
607 44
607 47
607 59
607 68
607 73
607 88
607 94
608 1
608 2
608 3
608 30
608 41
608 59
608 89
608 91
609 7
609 38
609 39
609 71
609 79
609 82
609 91
610 4
610 8
610 9
610 11
610 12
610 31
610 56
610 61
610 66
610 71
610 73
610 79
610 84
611 9
611 10
611 19
611 25
611 27
611 34
611 40
611 42
611 47
611 58
611 64
611 73
611 78
612 21
612 40
612 43
612 50
612 53
612 73
612 80
612 84
612 91
612 100
613 45
613 54
613 75
613 100
614 11
614 12
614 22
614 28
614 29
614 34
614 41
614 49
614 50
614 55
614 78
614 85
614 95
615 10
615 21
615 25
615 26
615 40
615 42
615 48
615 60
615 85
615 99
616 8
616 11
616 14
616 15
616 16
616 18
616 22
616 34
616 38
616 39
616 40
616 49
616 50
616 63
616 89
616 94
617 16
617 35
617 47
617 72
617 73
617 91
617 92
618 5
618 8
618 24
618 29
618 50
618 51
618 58
619 4
619 10
619 15
619 26
619 30
619 40
619 49
619 71
619 98
620 3
620 21
620 23
620 26
620 36
620 38
620 43
620 72
620 75
620 83
621 21
621 30
621 33
621 49
621 51
621 55
621 67
621 86
621 91
621 96
622 24
622 27
622 29
622 34
622 37
622 40
622 41
622 42
622 54
622 69
622 75
622 87
622 88
622 89
622 95
622 96
623 10
623 21
623 31
623 33
623 50
623 59
623 65
623 70
623 83
624 28
624 37
624 45
624 63
624 87
625 2
625 10
625 23
625 34
625 64
625 66
626 7
626 12
626 19
626 26
626 45
626 58
626 59
627 4
627 7
627 12
627 16
627 17
627 18
627 27
627 62
627 71
627 89
627 94
627 97
628 24
628 53
628 58
628 79
628 88
629 2
629 43
629 51
629 59
629 70
629 75
629 79
629 90
629 95
630 15
630 41
630 86
630 93
631 7
631 9
631 17
631 18
631 50
631 61
631 62
631 71
631 75
631 81
632 1
632 32
632 46
632 65
632 69
632 80
632 83
632 84
632 89
632 90
632 94
632 100
633 15
633 27
633 44
633 52
633 53
633 73
633 77
633 100
634 6
634 10
634 25
634 39
634 60
634 70
634 74
634 94
634 95
635 4
635 5
635 13
635 29
635 46
635 48
635 54
635 57
635 71
635 73
635 75
635 76
635 100
636 8
636 9
636 19
636 24
636 35
636 39
636 83
636 93
636 94
636 98
637 2
637 5
637 20
637 26
637 27
637 34
637 43
637 62
637 70
637 84
637 87
637 97
638 1
638 6
638 47
638 51
638 53
638 55
638 69
639 1
639 3
639 9
639 15
639 20
639 23
639 27
639 29
639 40
639 41
639 48
639 53
639 67
639 77
639 84
639 89
639 98
640 5
640 20
640 29
640 32
640 59
640 65
640 82
640 83
640 95
640 96
641 4
641 37
641 44
641 52
641 64
641 71
641 80
641 83
642 9
642 18
642 23
642 27
642 32
642 34
642 38
642 39
642 42
642 57
642 58
642 59
642 67
642 85
642 86
642 87
643 1
643 9
643 11
643 16
643 22
643 27
643 42
643 44
643 62
643 77
643 89
644 8
644 11
644 34
644 55
644 60
644 68
644 69
644 73
644 77
644 84
644 85
644 92
645 4
645 9
645 19
645 42
645 43
645 60
645 64
645 80
646 43
646 47
646 52
646 54
646 56
646 65
646 82
646 92
647 12
647 13
647 16
647 19
647 24
647 27
647 39
647 41
647 76
647 91
647 96
648 1
648 17
648 27
648 29
648 43
648 50
648 55
648 64
648 75
648 78
648 82
648 83
648 85
648 86
648 99
649 6
649 30
649 40
649 42
649 47
649 56
649 57
649 59
649 61
649 70
649 94
649 95
650 3
650 7
650 17
650 33
650 36
650 41
650 54
650 56
650 73
650 78
650 80
650 90
651 10
651 31
651 86
651 99
652 20
652 28
652 30
652 33
652 42
652 49
652 74
652 75
652 98
653 11
653 12
653 14
653 25
653 27
653 35
653 43
653 49
653 64
653 67
653 70
653 74
653 98
654 7
654 10
654 22
654 42
654 45
654 50
654 59
654 80
654 83
654 93
655 5
655 7
655 23
655 37
655 41
655 56
655 78
655 85
655 93
656 5
656 52
656 69
656 88
657 18
657 32
657 60
657 62
657 68
657 69
657 73
657 81
657 87
657 90
658 6
658 15
658 19
658 25
658 42
658 43
658 61
658 70
658 74
658 75
658 76
658 95
659 5
659 10
659 12
659 16
659 21
659 31
659 47
659 51
659 74
659 77
659 94
660 2
660 3
660 30
660 31
660 54
660 55
660 92
660 98
661 26
661 38
661 39
661 54
661 56
661 62
661 91
661 92
661 96
662 8
662 10
662 25
662 29
662 32
662 45
662 47
662 76
662 78
662 86
662 88
662 96
662 97
663 7
663 9
663 19
663 25
663 38
663 42
663 54
663 66
663 81
663 90
663 92
664 1
664 11
664 16
664 50
664 59
664 61
664 69
664 78
664 89
664 98
665 10
665 22
665 40
665 60
665 92
665 99
666 18
666 22
666 40
666 59
666 68
666 77
667 2
667 10
667 16
667 39
667 40
667 50
667 51
667 58
667 59
667 65
667 67
667 74
667 79
667 83
668 26
668 28
668 30
668 42
668 85
668 100
669 12
669 16
669 23
669 46
669 47
669 57
669 58
669 62
669 65
670 7
670 23
670 39
670 50
670 65
670 74
670 90
670 96
671 2
671 16
671 29
671 39
671 43
671 44
671 50
671 62
671 76
671 80
671 92
671 96
671 97
672 1
672 27
672 33
672 39
672 44
672 57
672 65
672 81
673 8
673 15
673 18
673 19
673 34
673 48
673 53
673 54
673 56
673 60
673 66
673 67
673 77
673 83
673 98
674 12
674 21
674 28
674 31
674 35
674 59
674 62
674 63
674 80
674 85
674 90
675 3
675 11
675 27
675 51
675 67
675 78
675 89
675 99
676 1
676 17
676 20
676 38
676 43
676 46
676 65
676 70
676 74
676 77
676 79
676 93
677 17
677 19
677 36
677 41
677 45
677 46
677 49
677 63
677 69
677 78
677 81
678 16
678 17
678 21
678 33
678 48
678 62
678 64
678 71
678 73
678 84
678 88
678 89
678 95
679 4
679 11
679 31
679 38
679 39
679 41
679 43
679 60
679 69
679 82
680 2
680 5
680 7
680 10
680 16
680 24
680 25
680 29
680 33
680 36
680 54
680 70
680 87
680 92
681 24
681 32
681 49
682 15
682 24
682 27
682 38
682 46
682 47
682 50
682 52
682 55
682 66
682 69
682 71
682 72
682 76
682 91
683 5
683 8
683 17
683 23
683 27
683 38
683 67
683 72
683 79
683 90
683 95
683 97
683 99
684 10
684 13
684 26
684 35
684 47
684 57
684 70
684 81
684 88
685 5
685 9
685 12
685 14
685 22
685 26
685 35
685 57
685 60
685 64
685 72
685 73
685 75
685 85
685 86
685 92
686 17
686 35
686 43
686 52
686 60
687 7
687 44
687 54
687 68
687 93
687 98
688 6
688 12
688 14
688 16
688 19
688 21
688 30
688 41
688 60
688 66
688 73
688 75
688 76
688 95
688 97
689 24
689 30
689 48
689 52
689 56
689 58
689 60
689 72
689 91
689 92
689 93
689 95
689 99
690 8
690 17
690 18
690 22
690 63
690 65
690 84
690 93
691 13
691 20
691 49
691 68
691 80
691 84
691 88
691 93
691 94
691 98
691 99
692 19
692 25
692 34
692 59
692 61
692 68
692 78
692 79
692 82
692 87
692 93
692 99
693 15
693 18
693 23
693 25
693 26
693 70
693 74
693 81
694 23
694 27
694 45
694 49
694 81
694 87
694 93
694 99
695 7
695 14
695 26
695 31
695 54
695 58
695 62
695 81
695 84
695 92
696 8
696 32
696 40
696 44
696 55
696 75
696 76
696 82
696 91
697 4
697 16
697 28
697 41
697 43
697 44
697 50
697 55
698 13
698 14
698 26
698 41
698 43
698 44
698 55
698 61
698 62
698 64
698 77
699 36
699 42
699 48
699 51
699 52
699 55
699 77
699 79
699 90
699 99
700 2
700 13
700 45
700 51
700 70
700 82
700 83
700 85
700 88
700 89
700 94
701 26
701 37
701 43
701 59
701 60
701 63
701 75
701 80
701 92
702 9
702 35
702 42
702 85
702 87
702 94
702 98
702 99
703 3
703 10
703 14
703 20
703 31
703 34
703 44
703 60
703 76
703 92
703 98
703 99
704 4
704 25
704 34
704 37
704 40
704 46
704 47
704 50
704 54
704 59
704 66
704 71
704 89
704 97
705 1
705 5
705 32
705 34
705 46
705 65
705 70
705 82
705 89
705 92
705 93
706 11
706 21
706 29
706 43
706 80
706 88
706 91
706 98
706 100
707 3
707 14
707 37
707 54
707 57
707 58
707 86
708 27
708 40
708 42
708 61
708 66
708 80
708 83
708 88
708 93
709 29
709 33
709 37
709 44
709 56
710 30
710 33
710 49
710 54
710 55
710 56
710 71
710 74
710 81
710 97
711 3
711 11
711 15
711 19
711 31
711 32
711 40
711 98
712 13
712 16
712 23
712 52
712 78
712 82
712 88
712 99
712 100
713 4
713 17
713 18
713 30
713 80
713 95
713 99
714 3
714 24
714 28
714 57
714 65
714 82
714 85
714 87
715 2
715 15
715 30
715 35
715 72
715 73
715 76
715 86
716 5
716 33
716 38
716 39
716 40
716 41
716 54
716 59
716 96
716 99
717 16
717 32
717 54
717 61
717 65
717 78
717 85
717 89
717 90
717 93
717 98
718 4
718 8
718 39
718 46
718 80
718 85
718 90
718 94
719 2
719 22
719 30
719 39
719 46
719 88
719 94
719 98
720 33
720 40
720 48
720 49
720 56
720 63
720 83
720 86
720 94
721 58
721 60
721 65
721 69
721 74
722 16
722 20
722 26
722 30
722 42
722 51
722 71
722 79
722 85
722 93
722 98
723 16
723 22
723 33
723 38
723 49
723 58
723 59
723 65
723 92
723 95
723 100
724 43
724 55
724 60
724 62
724 65
724 99
725 5
725 17
725 33
725 51
725 56
725 60
725 66
725 74
725 78
725 83
725 85
725 90
725 95
725 100
726 9
726 13
726 20
726 21
726 44
726 67
726 70
726 72
726 83
726 98
726 99
727 14
727 41
727 42
727 44
727 46
727 47
727 60
727 71
727 72
727 78
728 46
728 69
729 1
729 8
729 27
729 34
729 38
729 41
729 48
729 58
729 61
729 96
730 1
730 4
730 9
730 21
730 37
730 48
730 57
730 70
730 74
730 80
730 84
730 85
730 86
731 12
731 30
731 31
731 35
731 36
731 41
731 49
731 53
731 64
731 69
731 70
731 71
731 74
732 2
732 3
732 19
732 35
732 45
732 48
732 50
732 56
732 68
732 70
732 72
732 73
732 80
732 82
733 1
733 31
733 43
733 58
733 77
733 86
734 6
734 19
734 38
734 69
734 73
734 88
734 94
734 98
735 3
735 8
735 13
735 14
735 26
735 28
735 35
735 52
735 55
735 64
735 81
735 88
735 99
736 2
736 15
736 30
736 37
736 48
736 62
736 86
736 94
737 15
737 38
737 53
737 54
737 60
737 69
737 81
737 86
737 94
737 100
738 16
738 31
738 47
738 68
738 72
739 34
739 39
739 40
739 51
739 64
739 86
739 96
740 42
740 60
740 74
740 81
740 86
740 96
741 4
741 9
741 16
741 25
741 29
741 31
741 41
741 42
741 70
741 98
741 100
742 5
742 21
742 24
742 25
742 30
742 36
742 47
742 51
742 57
742 61
742 73
742 79
742 84
742 85
742 97
742 99
743 23
743 27
743 54
743 62
743 82
743 90
743 92
744 13
744 33
744 35
744 38
744 42
744 49
744 64
744 70
744 79
745 11
745 15
745 27
745 50
745 52
745 62
745 65
745 66
745 81
745 85
745 87
746 1
746 3
746 6
746 9
746 10
746 12
746 24
746 30
746 69
747 6
747 55
747 72
747 78
747 100
748 18
748 20
748 23
748 31
748 37
748 52
748 70
748 71
748 87
748 89
749 8
749 14
749 46
749 48
749 68
749 93
749 94
750 5
750 6
750 9
750 14
750 23
750 34
750 37
750 39
750 49
750 63
750 70
750 71
750 72
750 75
750 84
750 93
751 17
751 20
751 27
751 31
751 42
751 60
751 62
751 71
751 74
751 82
751 93
751 97
752 5
752 13
752 36
752 37
752 44
752 66
752 87
752 89
752 96
752 97
753 19
753 42
753 48
753 64
753 66
753 86
753 94
754 5
754 12
754 30
754 74
754 83
754 85
755 9
755 10
755 13
755 14
755 40
755 53
755 72
755 79
755 81
755 96
756 25
756 29
756 32
756 40
756 46
756 63
756 72
756 76
756 88
756 91
757 15
757 20
757 24
757 38
757 58
757 64
757 77
757 91
757 92
758 5
758 10
758 14
758 21
758 28
758 40
758 50
758 69
758 80
758 83
759 3
759 20
759 31
759 52
759 57
759 62
759 75
759 85
759 95
759 100
760 1
760 6
760 18
760 30
760 41
760 51
760 61
760 66
761 25
761 37
761 44
761 47
761 48
761 55
761 87
762 2
762 6
762 11
762 17
762 33
762 50
762 57
762 62
762 63
762 72
762 75
762 85
763 4
763 18
763 19
763 22
763 32
763 47
763 52
763 60
763 88
763 89
763 94
763 95
763 96
763 97
764 2
764 7
764 27
764 31
764 75
764 87
764 92
764 96
765 7
765 62
765 66
765 68
765 69
765 89
765 94
765 98
766 5
766 24
766 31
766 59
766 79
766 83
767 12
767 15
767 37
767 51
767 55
767 57
767 60
767 79
768 15
768 46
768 74
768 80
768 81
768 82
768 98
768 99
768 100
769 10
769 11
769 14
769 23
769 32
769 36
769 37
769 38
769 89
770 13
770 21
770 25
770 33
770 38
770 43
770 53
770 56
770 57
770 70
770 88
771 2
771 3
771 4
771 13
771 28
771 35
771 37
771 47
771 52
771 58
771 67
771 84
771 91
772 6
772 16
772 17
772 20
772 24
772 35
772 51
772 61
772 65
772 73
772 78
772 81
772 82
772 84
772 89
773 11
773 18
773 21
773 22
773 33
773 39
773 42
773 44
773 50
773 60
773 65
773 67
773 75
773 80
773 83
773 87
773 89
774 19
774 24
774 45
774 46
774 47
774 51
774 70
774 78
774 82
774 92
774 94
775 1
775 4
775 16
775 21
775 25
775 48
775 68
775 69
775 70
775 83
775 84
775 88
775 96
776 5
776 6
776 7
776 25
776 54
776 55
776 70
776 81
776 82
776 85
777 2
777 7
777 21
777 43
777 49
777 61
777 73
777 77
777 81
777 84
777 98
778 5
778 29
778 32
778 53
778 60
778 66
779 23
779 27
779 31
779 35
779 56
779 71
779 75
779 99
779 100
780 26
780 28
780 32
780 48
780 62
780 84
780 97
781 5
781 9
781 14
781 25
781 33
781 44
781 48
781 49
781 52
781 53
781 54
781 64
781 69
781 85
781 86
781 87
782 16
782 24
782 31
782 36
782 64
782 73
782 79
782 96
783 1
783 5
783 21
783 37
783 45
783 47
783 61
783 63
783 83
783 84
783 99
784 2
784 7
784 30
784 37
784 49
784 53
784 56
784 57
784 70
784 87
785 3
785 12
785 13
785 18
785 21
785 24
785 30
785 31
785 34
785 43
785 56
785 61
785 81
786 29
786 36
786 51
786 63
786 66
786 73
786 82
786 88
787 14
787 19
787 37
787 54
787 61
787 62
787 72
787 77
787 83
787 89
787 100
788 9
788 10
788 15
788 20
788 21
788 35
788 43
788 70
788 74
788 77
788 83
788 86
788 91
788 92
788 96
789 2
789 12
789 32
789 43
789 52
789 60
789 69
789 72
789 85
789 97
790 2
790 6
790 10
790 18
790 20
790 22
790 41
790 44
790 50
790 68
790 76
790 84
790 95
790 96
791 1
791 15
791 29
791 37
791 40
791 44
791 46
791 51
791 57
791 62
791 74
791 78
791 84
792 5
792 8
792 19
792 21
792 27
792 32
792 52
792 59
792 60
792 62
792 64
792 66
792 68
792 69
792 73
792 85
792 93
793 2
793 4
793 9
793 17
793 19
793 25
793 57
793 59
793 61
793 65
793 68
793 73
793 74
793 78
793 83
793 89
794 1
794 10
794 26
794 34
794 40
794 43
794 52
794 53
794 59
794 75
795 26
795 63
795 81
795 85
795 88
795 97
796 1
796 13
796 38
796 43
796 47
796 53
796 64
796 67
796 72
796 83
796 84
797 7
797 19
797 27
797 64
797 69
797 74
797 77
797 86
797 90
797 92
797 93
798 11
798 14
798 34
798 42
798 47
798 54
798 65
798 74
798 80
798 88
798 89
798 95
798 99
799 15
799 20
799 29
799 36
799 58
799 60
799 87
799 89
800 13
800 34
800 40
800 50
800 51
800 57
800 72
800 75
800 86
800 94
801 9
801 22
801 24
801 31
801 34
801 42
801 47
801 49
801 62
801 68
801 77
801 78
801 80
801 89
802 84
802 86
802 91
803 5
803 21
803 34
803 38
803 41
803 57
804 10
804 18
804 33
804 36
804 60
804 79
804 95
805 17
805 21
805 53
805 55
805 72
805 73
805 81
805 91
805 95
806 15
806 16
806 19
806 21
806 23
806 30
806 78
806 88
806 96
806 100
807 25
807 26
807 30
807 39
807 73
807 77
807 81
808 2
808 12
808 14
808 17
808 21
808 24
808 33
808 66
808 70
808 72
808 85
809 5
809 15
809 16
809 20
809 34
809 38
809 49
809 57
809 67
809 70
809 83
810 5
810 7
810 14
810 70
810 76
811 1
811 17
811 20
811 21
811 28
811 33
811 34
811 39
811 47
811 58
811 60
811 64
811 70
811 99
812 6
812 33
812 47
812 51
812 60
812 75
812 90
812 97
813 8
813 15
813 19
813 41
813 59
813 75
813 78
813 99
814 4
814 17
814 18
814 27
814 63
814 66
814 73
814 83
814 84
814 89
814 98
814 99
815 5
815 15
815 17
815 25
815 26
815 27
815 36
815 41
815 45
815 47
815 50
815 62
816 31
816 33
816 79
816 95
816 96
817 3
817 25
817 29
817 36
817 43
817 58
817 83
817 94
818 54
818 55
818 62
818 73
818 99
819 7
819 11
819 33
819 35
819 37
819 44
819 45
819 84
819 88
820 7
820 19
820 25
820 44
820 52
820 54
820 61
820 65
820 75
820 88
820 91
821 5
821 8
821 11
821 26
821 30
821 31
821 44
821 47
821 50
821 58
821 67
821 75
821 81
822 1
822 4
822 8
822 16
822 18
822 23
822 28
822 30
822 31
822 34
822 45
822 47
822 51
822 57
822 75
822 85
823 22
823 32
823 37
823 48
823 63
823 73
823 94
823 96
824 33
824 43
824 47
824 56
824 58
824 60
824 66
824 91
825 13
825 24
825 32
825 33
825 40
825 42
825 47
825 57
825 62
825 65
825 91
825 93
826 23
826 31
826 37
826 44
826 56
826 58
826 67
826 81
826 82
826 87
827 1
827 2
827 9
827 26
827 31
827 33
827 38
827 39
827 50
827 53
827 55
827 69
827 91
827 98
828 10
828 28
828 44
828 55
828 58
828 59
828 66
828 96
829 6
829 8
829 35
829 58
829 74
829 76
829 96
830 3
830 25
830 33
830 35
830 48
830 51
830 58
830 72
830 77
830 84
830 90
830 91
830 99
831 2
831 18
831 25
831 27
831 33
831 35
831 58
831 59
831 63
831 67
831 78
831 90
831 94
832 6
832 26
832 39
832 40
832 44
832 64
832 74
832 76
832 84
832 88
832 95
832 99
832 100
833 7
833 9
833 13
833 17
833 53
833 59
833 62
833 76
833 78
833 87
833 92
833 96
834 40
834 100
835 4
835 30
835 31
835 38
835 45
835 49
835 56
835 63
835 68
835 90
835 99
836 17
836 20
836 21
836 62
836 76
836 100
837 2
837 8
837 28
837 47
837 60
837 71
837 77
837 98
838 8
838 29
838 68
838 83
838 87
838 96
839 6
839 14
839 24
839 36
839 49
839 53
839 56
839 57
839 60
839 65
839 78
839 99
840 6
840 12
840 15
840 16
840 21
840 23
840 28
840 33
840 34
840 47
840 59
840 68
840 70
840 71
840 76
840 81
841 17
841 23
841 40
841 41
841 43
841 52
841 53
841 73
841 75
841 97
842 5
842 15
842 31
842 36
842 60
842 61
842 62
842 63
842 72
842 74
842 76
842 90
842 94
843 5
843 11
843 14
843 24
843 36
843 37
843 38
843 55
843 75
843 79
843 80
843 94
843 97
844 4
844 6
844 11
844 37
844 46
844 84
844 86
844 93
845 22
845 25
845 27
845 42
845 51
845 56
845 57
845 59
845 62
845 79
845 93
846 11
846 12
846 17
846 56
846 58
846 59
846 74
846 91
846 97
847 9
847 25
847 27
847 38
847 75
847 76
847 78
847 80
847 83
848 10
848 13
848 16
848 19
848 29
848 32
848 35
848 43
848 44
848 52
848 83
848 92
849 5
849 12
849 13
849 17
849 27
849 49
849 52
849 61
849 70
849 93
849 95
850 17
850 23
850 34
850 49
850 78
851 2
851 4
851 6
851 9
851 18
851 19
851 35
851 40
851 43
851 61
851 62
851 74
851 83
852 30
852 58
852 64
852 72
852 78
852 85
852 91
853 6
853 13
853 20
853 23
853 31
853 41
853 53
853 64
853 75
853 77
853 85
853 94
854 23
854 56
854 67
854 78
854 79
854 85
854 93
854 97
855 16
855 18
855 25
855 26
855 53
855 56
855 57
855 82
855 93
855 95
855 98
856 10
856 17
856 48
856 50
856 73
857 1
857 12
857 21
857 30
857 35
857 45
857 48
857 64
857 72
857 84
857 88
858 4
858 42
858 47
858 71
858 76
858 84
858 89
859 1
859 2
859 3
859 14
859 16
859 24
859 25
859 28
859 34
859 38
859 55
859 60
859 64
859 69
859 77
859 79
859 81
859 92
860 23
860 30
860 33
860 36
860 52
860 53
860 57
860 58
860 70
860 71
860 88
860 96
861 11
861 15
861 36
861 41
861 44
861 100
862 1
862 41
862 49
862 73
862 74
862 75
862 77
862 92
863 6
863 13
863 14
863 23
863 24
863 44
863 45
863 59
863 85
864 5
864 28
864 35
864 44
864 47
864 50
864 51
864 64
864 76
864 77
864 80
864 84
865 7
865 13
865 14
865 55
865 56
865 67
865 91
866 17
866 21
866 46
866 64
866 70
866 97
866 98
867 2
867 5
867 21
867 23
867 41
867 58
867 65
867 66
867 75
867 81
867 86
868 16
868 19
868 24
868 37
868 52
868 61
868 65
868 78
868 84
868 93
868 100
869 3
869 4
869 13
869 15
869 19
869 22
869 51
869 55
869 61
869 65
869 100
870 6
870 8
870 10
870 13
870 40
870 63
870 70
870 72
871 20
871 21
871 35
871 36
871 43
871 56
871 82
872 6
872 61
872 73
872 74
872 82
872 98
872 100
873 11
873 32
873 35
873 45
873 53
873 56
873 61
873 62
873 72
873 73
873 97
873 100
874 15
874 22
874 48
874 54
874 58
874 66
875 11
875 16
875 20
875 33
875 41
875 71
875 73
876 15
876 30
876 41
876 70
876 78
876 79
876 93
877 1
877 3
877 16
877 30
877 59
877 61
877 62
877 67
877 71
877 75
877 83
877 88
877 92
877 96
878 14
878 45
878 51
878 74
878 78
878 89
879 2
879 5
879 6
879 19
879 32
879 34
879 39
879 53
879 55
879 86
879 93
880 10
880 22
880 34
880 37
880 45
880 62
880 64
880 71
880 89
880 99
881 30
881 45
881 56
881 60
881 70
881 79
881 91
881 92
881 93
882 7
882 19
882 22
882 31
882 58
882 82
882 99
882 100
883 1
883 15
883 19
883 29
883 51
883 54
883 56
883 60
883 63
883 70
883 75
883 89
883 100
884 15
884 16
884 19
884 23
884 26
884 30
884 33
884 48
884 72
885 38
885 42
885 45
885 46
885 58
885 77
885 80
885 92
886 6
886 25
886 33
886 38
886 49
886 74
886 93
886 95
887 2
887 9
887 33
887 39
887 42
887 43
887 49
887 67
887 79
887 81
887 88
888 3
888 14
888 22
888 29
888 30
888 34
888 39
888 41
888 42
888 60
888 74
888 77
888 81
888 90
889 1
889 15
889 24
889 27
889 34
889 46
889 80
889 83
889 90
889 97
889 100
890 4
890 5
890 12
890 16
890 28
890 40
890 42
890 48
890 52
890 78
890 89
891 1
891 14
891 22
891 63
891 69
891 92
892 3
892 7
892 16
892 20
892 28
892 30
892 35
892 39
892 40
892 42
892 48
892 60
892 74
892 79
892 81
892 93
893 11
893 15
893 21
893 24
893 29
893 60
893 65
893 68
893 94
894 4
894 13
894 19
894 31
894 41
894 51
894 57
894 61
894 84
894 88
894 94
895 3
895 5
895 14
895 17
895 19
895 37
895 40
895 48
895 79
895 84
896 1
896 4
896 11
896 13
896 27
896 32
896 37
896 41
896 94
897 7
897 13
897 53
897 90
898 4
898 7
898 11
898 13
898 14
898 26
898 27
898 32
898 35
898 38
898 46
898 54
898 61
898 68
898 80
898 98
899 11
899 31
899 40
899 44
899 59
899 80
899 82
899 88
899 91
899 94
900 5
900 14
900 38
900 88
901 7
901 15
901 18
901 31
901 36
901 45
901 51
901 52
901 67
901 73
901 95
901 97
902 1
902 10
902 20
902 34
902 39
902 43
902 54
902 83
902 89
902 92
902 94
902 98
903 5
903 6
903 23
903 24
903 26
903 53
903 59
903 65
903 67
903 80
903 86
904 35
904 47
904 51
904 65
904 69
904 92
904 94
904 96
905 2
905 9
905 11
905 23
905 55
905 67
905 74
905 75
905 79
905 90
905 92
906 4
906 20
906 24
906 25
906 75
906 84
906 88
906 97
906 99
907 18
907 22
907 45
907 52
907 83
907 96
907 100
908 6
908 9
908 10
908 20
908 32
909 3
909 15
909 19
909 20
909 26
909 28
909 29
909 36
909 47
909 70
909 73
909 84
909 91
910 2
910 11
910 13
910 21
910 28
910 38
910 39
910 45
910 47
910 57
911 5
911 22
911 42
911 68
911 90
912 6
912 10
912 13
912 15
912 18
912 28
912 34
912 35
912 61
912 66
912 70
912 74
912 85
912 88
912 93
913 2
913 5
913 14
913 21
913 26
913 38
913 40
913 73
913 85
913 86
913 92
913 94
913 95
913 96
914 6
914 13
914 18
914 22
914 26
914 27
914 28
914 42
914 43
914 68
914 74
914 76
914 95
915 12
915 14
915 28
915 32
915 35
915 63
915 73
915 78
916 4
916 8
916 14
916 57
916 63
916 84
916 93
916 97
917 11
917 15
917 50
917 63
918 12
918 15
918 34
918 59
918 99
919 3
919 18
919 44
919 47
919 48
919 51
919 62
919 72
919 90
919 91
920 28
920 29
920 43
920 67
920 71
920 85
920 90
921 3
921 38
921 67
921 72
921 78
921 82
921 83
921 94
921 99
922 3
922 6
922 22
922 42
922 50
922 51
922 80
922 84
922 86
922 90
922 91
922 93
923 37
923 38
923 44
923 51
923 53
923 55
923 69
923 81
924 4
924 5
924 16
924 28
924 33
924 35
924 43
924 49
924 54
924 61
924 70
924 74
925 9
925 19
925 27
925 29
925 32
925 46
925 51
925 77
925 84
926 15
926 21
926 23
926 49
926 59
926 60
926 63
926 69
926 82
926 92
927 1
927 7
927 8
927 30
927 34
927 51
927 53
927 56
927 74
927 83
927 89
927 98
928 12
928 18
928 31
928 41
928 70
928 71
928 80
928 87
928 92
929 4
929 5
929 26
929 71
929 85
929 86
929 91
929 92
930 3
930 31
930 38
930 41
930 44
930 46
930 62
930 82
930 85
930 88
931 10
931 20
931 28
931 30
931 44
931 51
931 66
931 82
931 96
931 98
932 1
932 11
932 22
932 25
932 29
932 36
932 43
932 63
932 86
932 98
933 8
933 49
933 90
933 93
933 94
933 97
933 100
934 5
934 18
934 19
934 24
934 27
934 29
934 72
934 77
934 79
934 82
934 83
934 84
934 98
935 7
935 14
935 15
935 39
935 70
935 76
935 82
935 83
935 86
935 91
936 5
936 9
936 18
936 35
936 69
936 77
936 78
936 99
937 1
937 29
937 36
937 41
937 42
937 59
937 61
937 82
937 87
937 91
938 36
938 41
938 45
938 49
938 61
939 41
939 56
939 66
939 71
939 72
939 80
939 93
939 99
940 19
940 21
940 25
940 37
940 38
940 52
940 70
940 86
941 2
941 11
941 22
941 37
941 52
941 54
941 93
941 95
941 98
942 4
942 58
942 74
942 80
943 18
943 36
943 39
943 44
943 48
943 50
943 62
943 65
943 70
943 72
943 97
944 22
944 29
944 54
944 56
944 58
944 69
944 79
944 81
944 88
944 97
944 98
945 6
945 18
945 20
945 25
945 32
945 35
945 50
945 73
945 79
945 84
945 96
946 10
946 26
946 36
946 52
946 54
946 58
946 98
947 1
947 2
947 8
947 11
947 31
947 34
947 58
947 66
947 74
947 85
947 90
948 3
948 24
948 31
948 32
948 36
948 57
948 69
948 88
948 92
948 93
949 16
949 19
949 34
949 43
949 50
949 52
949 58
949 64
949 74
950 7
950 8
950 11
950 33
950 36
950 47
950 60
950 69
950 72
950 80
950 84
951 17
951 33
951 39
951 49
951 87
951 88
951 91
951 94
951 99
952 15
952 18
952 26
952 27
952 30
952 43
952 44
952 66
952 68
952 81
952 86
952 87
952 92
952 97
952 100
953 4
953 8
953 12
953 14
953 22
953 24
953 37
953 47
953 58
953 61
953 67
953 79
953 100
954 14
954 16
954 17
954 19
954 26
954 42
954 52
954 54
954 65
954 73
954 82
954 93
954 95
955 13
955 53
955 54
955 68
955 79
955 92
956 7
956 19
956 21
956 22
956 30
956 35
956 48
956 50
956 55
956 74
956 80
956 84
956 85
956 95
957 10
957 29
957 39
957 40
957 42
957 45
957 55
957 78
957 80
957 92
958 3
958 40
958 56
958 91
958 94
958 96
958 99
959 3
959 31
959 40
959 43
959 44
960 9
960 16
960 23
960 27
960 29
960 50
960 67
960 86
961 7
961 9
961 20
961 29
961 47
961 75
961 83
961 91
961 92
962 36
962 45
962 70
962 78
962 81
962 91
962 96
963 3
963 26
963 28
963 38
963 42
963 53
963 61
963 69
963 71
963 85
963 89
964 1
964 9
964 10
964 30
964 33
964 34
964 35
964 39
964 52
964 57
964 63
964 69
964 81
964 90
964 92
965 11
965 22
965 28
965 30
965 33
965 39
965 57
965 72
965 76
965 89
965 97
966 3
966 18
966 20
966 34
966 35
966 40
966 44
966 60
966 61
966 82
967 13
967 21
967 25
967 28
967 34
967 74
967 88
967 91
968 4
968 6
968 39
968 46
968 51
968 64
968 75
968 79
968 80
968 82
968 87
968 91
968 92
968 99
969 11
969 13
969 25
969 30
969 52
969 56
969 60
970 21
970 65
970 67
970 88
970 98
971 2
971 7
971 16
971 22
971 25
971 26
971 42
971 46
971 50
971 54
971 67
971 68
971 73
971 78
971 79
971 94
971 95
972 23
972 46
972 47
972 48
972 64
972 86
973 6
973 7
973 9
973 25
973 29
973 36
973 49
973 52
973 73
973 80
973 84
973 88
973 99
974 13
974 14
974 16
974 28
974 30
974 46
974 49
974 56
974 57
974 63
974 80
974 82
974 93
974 100
975 12
975 37
975 94
975 97
976 7
976 9
976 16
976 22
976 24
976 27
976 28
976 32
976 36
976 38
976 49
976 72
976 80
977 29
977 31
977 48
977 60
977 83
977 92
977 97
978 2
978 11
978 35
978 46
978 79
978 86
978 92
978 96
979 13
979 22
979 27
979 29
979 32
979 58
979 66
979 67
979 71
979 83
979 88
979 89
980 12
980 14
980 19
980 32
980 48
980 56
980 61
980 71
981 2
981 5
981 10
981 11
981 35
981 36
981 45
981 83
982 9
982 25
982 47
982 48
982 53
982 55
982 60
982 62
982 72
982 76
982 79
982 83
982 85
982 87
983 3
983 6
983 11
983 13
983 45
983 56
983 100
984 5
984 6
984 20
984 43
984 45
984 53
984 66
984 76
984 82
984 96
985 2
985 18
985 31
985 33
985 47
985 71
985 76
985 79
985 84
985 92
985 98
986 33
986 43
986 44
986 49
986 52
987 1
987 6
987 25
987 27
987 51
987 62
987 72
987 81
988 13
988 18
988 62
988 76
988 80
988 87
988 95
989 2
989 3
989 10
989 28
989 40
989 44
989 57
989 83
989 98
989 99
990 9
990 15
990 30
990 34
990 40
990 46
990 59
990 60
990 65
990 81
990 91
990 99
990 100
991 5
991 15
991 21
991 31
991 48
991 53
991 54
991 57
991 70
991 86
992 18
992 35
992 61
992 67
992 77
992 85
993 4
993 8
993 14
993 22
993 42
993 50
993 53
993 62
993 63
993 70
993 73
993 95
994 4
994 35
994 42
994 51
994 62
994 100
995 33
995 48
995 50
995 67
995 86
995 96
996 11
996 30
996 41
996 66
996 67
996 78
996 87
996 99
997 7
997 11
997 15
997 23
997 30
997 47
997 50
997 62
997 63
997 70
997 75
997 87
997 94
997 96
997 99
998 1
998 21
998 22
998 26
998 27
998 31
998 35
998 50
998 58
998 71
998 72
998 74
998 90
998 98
998 99
999 27
999 41
999 50
999 53
999 56
999 66
999 68
999 70
999 81
999 93
999 100
1000 18
1000 48
1000 51
1000 76
1000 88
1000 89
731
