90 5
14976 12183
68470 8012
28565 8062
12778 24873
5678 12272
64119 1412
27452 21176
41273 11518
14533 28200
55509 17011
21706 3753
31844 27425
87266 15600
82560 20729
16442 19859
69023 9321
38633 4525
73504 17876
61533 17610
6134 15266
41306 621
53396 21874
56890 15150
3630 6151
58261 25857
51899 10220
12982 17041
41269 23750
42768 22399
20085 28157
1935 18365
75098 29473
62569 10653
88487 7940
47082 11359
12737 25522
67373 49
81100 19168
41288 6861
52930 7617
31238 28616
12596 23081
76927 398
67834 25975
53970 24902
78444 11265
62847 203
59038 8729
28125 3293
20189 6697
46178 1978
50776 29448
30710 1291
20590 12551
69342 12695
56310 27967
11209 14794
85877 1701
35103 23252
55973 11171
70002 14952
24818 17347
75023 17281
37835 27944
33812 17629
86851 12703
49162 20915
84469 29945
27259 4048
3985 25155
67387 25814
61806 7399
72124 8658
53720 27849
75127 15274
18541 16572
8441 7795
42691 9111
78942 686
87076 23128
64000 163
53273 27645
89740 13196
49469 3022
81375 17726
67874 28936
54012 2831
14380 143
24065 23033
18144 25778
