100
52 798
217 523
79 405
407 474
307 590
291 784
413 117
169 740
75 296
297 693
346 855
316 393
325 3
174 72
137 45
5 673
343 204
4 122
32 61
113 77
437 735
433 804
113 765
108 526
324 94
17 72
5 796
27 612
329 223
137 563
129 205
292 531
145 479
296 750
310 873
192 337
30 739
168 42
196 469
26 388
451 507
469 675
26 225
479 465
289 7
280 309
467 238
467 579
373 503
118 58
306 334
294 408
199 370
168 695
456 442
79 821
359 795
196 515
333 67
76 373
294 95
310 455
296 267
74 605
117 885
352 687
458 63
253 854
400 524
323 153
313 141
441 468
414 313
385 799
252 827
396 392
453 751
85 518
132 442
299 848
494 752
98 427
244 372
339 143
69 68
382 122
92 895
334 775
352 809
294 700
68 871
496 408
90 517
314 429
203 182
64 452
123 155
161 611
300 457
135 365
